%************************************************
\chapter{Nebenrechnungen}
\label{ch:nebenrechnungen}
%************************************************
\section{Berechnung des Katz-Algorithmus}
\label{ch:nebenrechnungen:katzZentralitaet}
Berechnung des Katz-Algorithmus für Tabelle \ref{tbl:empfehlungssysteme:arbeitsweise:tbl2} anhand der Formel \ref{frml:empfehlungssysteme:cf:speicherbasiert:formel4} mit $\beta = 0.125$:
\begin{equation}
	M = \begin{bmatrix}
		0 & 0 & 0 & 0 & 0 & 4 & 3 & 3 & 0 & 0\\
		0 & 0 & 0 & 0 & 3 & 0 & 2 & 0 & 1 & 0\\
		0 & 0 & 0 & 0 & 0 & 0 & 0 & 0 & 5 & 3\\
		0 & 0 & 0 & 0 & 2 & 3 & 1 & 0 & 0 & 0\\
		0 & 3 & 0 & 2 & 0 & 0 & 0 & 0 & 0 & 0\\
		4 & 0 & 0 & 3 & 0 & 0 & 0 & 0 & 0 & 0\\
		3 & 2 & 0 & 1 & 0 & 0 & 0 & 0 & 0 & 0\\
		3 & 0 & 0 & 0 & 0 & 0 & 0 & 0 & 0 & 0\\
		0 & 1 & 5 & 0 & 0 & 0 & 0 & 0 & 0 & 0\\
		0 & 0 & 3 & 0 & 0 & 0 & 0 & 0 & 0 & 0
	\end{bmatrix}
	\label{frml:berechnungDerKatzZentralitaet:formel1}
\end{equation}
\begin{equation}
	\beta * M = \begin{bmatrix}
		0.0 & 0.0 & 0.0 & 0.0 & 0.0 & 0.5 & 0.375 & 0.375 & 0.0 & 0.0\\
		0.0 & 0.0 & 0.0 & 0.0 & 0.375 & 0.0 & 0.25 & 0.0 & 0.125 & 0.0\\
		0.0 & 0.0 & 0.0 & 0.0 & 0.0 & 0.0 & 0.0 & 0.0 & 0.625 & 0.375\\
		0.0 & 0.0 & 0.0 & 0.0 & 0.25 & 0.375 & 0.125 & 0.0 & 0.0 & 0.0\\
		0.0 & 0.375 & 0.0 & 0.25 & 0.0 & 0.0 & 0.0 & 0.0 & 0.0 & 0.0\\
		0.5 & 0.0 & 0.0 & 0.375 & 0.0 & 0.0 & 0.0 & 0.0 & 0.0 & 0.0\\
		0.375 & 0.25 & 0.0 & 0.125 & 0.0 & 0.0 & 0.0 & 0.0 & 0.0 & 0.0\\
		0.375 & 0.0 & 0.0 & 0.0 & 0.0 & 0.0 & 0.0 & 0.0 & 0.0 & 0.0\\
		0.0 & 0.125 & 0.625 & 0.0 & 0.0 & 0.0 & 0.0 & 0.0 & 0.0 & 0.0\\
		0.0 & 0.0 & 0.375 & 0.0 & 0.0 & 0.0 & 0.0 & 0.0 & 0.0 & 0.0
	\end{bmatrix}
	\label{frml:berechnungDerKatzZentralitaet:formel2}
\end{equation}
\begin{gather}
	\nonumber I - \beta * M = \\
	\begin{bmatrix}
		1.0 & 0.0 & 0.0 & 0.0 & 0.0 & -0.5 & -0.375 & -0.375 & 0.0 & 0.0\\
		0.0 & 1.0 & 0.0 & 0.0 & -0.375 & 0.0 & -0.25 & 0.0 & -0.125 & 0.0\\
		0.0 & 0.0 & 1.0 & 0.0 & 0.0 & 0.0 & 0.0 & 0.0 & -0.625 & -0.375\\
		0.0 & 0.0 & 0.0 & 1.0 & -0.25 & -0.375 & -0.125 & 0.0 & 0.0 & 0.0\\
		0.0 & -0.375 & 0.0 & -0.25 & 1.0 & 0.0 & 0.0 & 0.0 & 0.0 & 0.0\\
		-0.5 & 0.0 & 0.0 & -0.375 & 0.0 & 1.0 & 0.0 & 0.0 & 0.0 & 0.0\\
		-0.375 & -0.25 & 0.0 & -0.125 & 0.0 & 0.0 & 1.0 & 0.0 & 0.0 & 0.0\\
		-0.375 & 0.0 & 0.0 & 0.0 & 0.0 & 0.0 & 0.0 & 1.0 & 0.0 & 0.0\\
		0.0 & -0.125 & -0.625 & 0.0 & 0.0 & 0.0 & 0.0 & 0.0 & 1.0 & 0.0\\
		0.0 & 0.0 & -0.375 & 0.0 & 0.0 & 0.0 & 0.0 & 0.0 & 0.0 & 1.0
	\end{bmatrix}
	\label{frml:berechnungDerKatzZentralitaet:formel3}
\end{gather}
\begin{equation}
	(I - \beta * M)^{-1} \approx \begin{bmatrix}
		2.66 & 0.47 & 0.08 & 0.87 & 0.39 & 1.66 & 1.22 & 1.00 & 0.11 & 0.03\\
		0.47 & 1.42 & 0.24 & 0.37 & 0.62 & 0.37 & 0.58 & 0.18 & 0.33 & 0.09\\
		0.08 & 0.24 & 2.17 & 0.06 & 0.10 & 0.06 & 0.10 & 0.03 & 1.39 & 0.81\\
		0.87 & 0.37 & 0.06 & 1.60 & 0.54 & 1.04 & 0.62 & 0.33 & 0.08 & 0.02\\
		0.39 & 0.62 & 0.10 & 0.54 & 1.37 & 0.40 & 0.37 & 0.15 & 0.14 & 0.04\\
		1.66 & 0.37 & 0.06 & 1.04 & 0.40 & 2.22 & 0.84 & 0.62 & 0.09 & 0.02\\
		1.22 & 0.58 & 0.10 & 0.62 & 0.37 & 0.84 & 1.68 & 0.46 & 0.13 & 0.04\\
		1.00 & 0.18 & 0.03 & 0.33 & 0.15 & 0.62 & 0.46 & 1.37 & 0.04 & 0.01\\
		0.11 & 0.33 & 1.39 & 0.08 & 0.14 & 0.09 & 0.13 & 0.04 & 1.91 & 0.52\\
		0.03 & 0.09 & 0.81 & 0.02 & 0.04 & 0.02 & 0.04 & 0.01 & 0.52 & 1.31
	\end{bmatrix}
	\label{frml:berechnungDerKatzZentralitaet:formel4}
\end{equation}
\begin{equation}
	(I - \beta * M)^{-1} - I \approx \begin{bmatrix}
		1.66 & 0.47 & 0.08 & 0.87 & 0.39 & 1.66 & 1.22 & 1.00 & 0.11 & 0.03\\
		0.47 & 0.42 & 0.24 & 0.37 & 0.62 & 0.37 & 0.58 & 0.18 & 0.33 & 0.09\\
		0.08 & 0.24 & 1.17 & 0.06 & 0.10 & 0.06 & 0.10 & 0.03 & 1.39 & 0.81\\
		0.87 & 0.37 & 0.06 & 0.60 & 0.54 & 1.04 & 0.62 & 0.33 & 0.08 & 0.02\\
		0.39 & 0.62 & 0.10 & 0.54 & 0.37 & 0.40 & 0.37 & 0.15 & 0.14 & 0.04\\
		1.66 & 0.37 & 0.06 & 1.04 & 0.40 & 1.22 & 0.84 & 0.62 & 0.09 & 0.02\\
		1.22 & 0.58 & 0.10 & 0.62 & 0.37 & 0.84 & 0.68 & 0.46 & 0.13 & 0.04\\
		1.00 & 0.18 & 0.03 & 0.33 & 0.15 & 0.62 & 0.46 & 0.37 & 0.04 & 0.01\\
		0.11 & 0.33 & 1.39 & 0.08 & 0.14 & 0.09 & 0.13 & 0.04 & 0.91 & 0.52\\
		0.03 & 0.09 & 0.81 & 0.02 & 0.04 & 0.02 & 0.04 & 0.01 & 0.52 & 0.31
	\end{bmatrix}
	\label{frml:berechnungDerKatzZentralitaet:formel5}
\end{equation}