\section{Bestimmung der Katz-Zentralität mit Pseudo-Mitarbeiter}
\label{ch:nebenrechnungen:katzZentralitaetPseudoMitarbeiter}
Darstellung von Graph \ref{fig:methodik:versuchsaufbau:unilateral:abb1} in Form einer Tabelle:
\begin{table}[h]
	\centering
	\begin{tabular}{c|c|c|c|c|c|c|c|c|c|c|c}
		& \begin{sideways}Jane D.\end{sideways} & \begin{sideways}John D.\end{sideways} & \begin{sideways}Erika M.\end{sideways} & \begin{sideways}Max M.\end{sideways} & \begin{sideways}Projekt\end{sideways} & \begin{sideways}Java\end{sideways} & \begin{sideways}Python\end{sideways} & \begin{sideways}MySQL\end{sideways} & \begin{sideways}MongoDB\end{sideways} & \begin{sideways}HDFS\end{sideways} & \begin{sideways}Spark\end{sideways} \\
		\hline
		Jane D.  & 0 & 1 & 1 & 1 & 0 & 0 & 4 & 3 & 3 & 0 & 0\\
		John D.  & 1 & 0 & 1 & 1 & 0 & 3 & 0 & 2 & 0 & 1 & 0\\
		Erika M. & 1 & 1 & 0 & 1 & 0 & 0 & 0 & 0 & 0 & 5 & 3\\
		Max M.   & 1 & 1 & 1 & 0 & 0 & 2 & 3 & 1 & 0 & 0 & 0\\
		Projekt  & 0 & 0 & 0 & 0 & 0 & 0 & 4 & 0 & 3 & 0 & 3\\
		Java     & 0 & 3 & 0 & 2 & 0 & 0 & 0 & 0 & 0 & 0 & 0\\
		Python   & 4 & 0 & 0 & 3 & 4 & 0 & 0 & 0 & 0 & 0 & 0\\
		MySQL    & 3 & 2 & 0 & 1 & 0 & 0 & 0 & 0 & 0 & 0 & 0\\
		MongoDB  & 3 & 0 & 0 & 0 & 3 & 0 & 0 & 0 & 0 & 0 & 0\\
		HDFS     & 0 & 1 & 5 & 0 & 0 & 0 & 0 & 0 & 0 & 0 & 0\\
		Spark    & 0 & 0 & 3 & 0 & 3 & 0 & 0 & 0 & 0 & 0 & 0
	\end{tabular}
	\caption{Anzahl an Verbindungen im Graphen aus Abbildung \ref{fig:methodik:versuchsaufbau:unilateral:abb1}}
	\label{tbl:berechnungDerKatzZentralitaetPseudoMitarbeiter:tbl1}
\end{table}

Bestimmung der Katz-Zentralität für Graph \ref{fig:methodik:versuchsaufbau:unilateral:abb1} anhand der Formel \ref{frml:empfehlungssysteme:cf:speicherbasiert:formel4} mit $\beta = 0.1$:

\begin{equation}
	M = \begin{bmatrix}
		0 & 1 & 1 & 1 & 0 & 0 & 4 & 3 & 3 & 0 & 0\\
		1 & 0 & 1 & 1 & 0 & 3 & 0 & 2 & 0 & 1 & 0\\
		1 & 1 & 0 & 1 & 0 & 0 & 0 & 0 & 0 & 5 & 3\\
		1 & 1 & 1 & 0 & 0 & 2 & 3 & 1 & 0 & 0 & 0\\
		0 & 0 & 0 & 0 & 0 & 0 & 4 & 0 & 3 & 0 & 3\\
		0 & 3 & 0 & 2 & 0 & 0 & 0 & 0 & 0 & 0 & 0\\
		4 & 0 & 0 & 3 & 4 & 0 & 0 & 0 & 0 & 0 & 0\\
		3 & 2 & 0 & 1 & 0 & 0 & 0 & 0 & 0 & 0 & 0\\
		3 & 0 & 0 & 0 & 3 & 0 & 0 & 0 & 0 & 0 & 0\\
		0 & 1 & 5 & 0 & 0 & 0 & 0 & 0 & 0 & 0 & 0\\
		0 & 0 & 3 & 0 & 3 & 0 & 0 & 0 & 0 & 0 & 0
	\end{bmatrix}
	\label{frml:berechnungDerKatzZentralitaetPseudoMitarbeiter:formel1}
\end{equation}
\begin{equation}
	\beta * M = \begin{bmatrix}
		0.0 & 0.1 & 0.1 & 0.1 & 0.0 & 0.0 & 0.4 & 0.3 & 0.3 & 0.0 & 0.0\\
		0.1 & 0.0 & 0.1 & 0.1 & 0.0 & 0.3 & 0.0 & 0.2 & 0.0 & 0.1 & 0.0\\
		0.1 & 0.1 & 0.0 & 0.1 & 0.0 & 0.0 & 0.0 & 0.0 & 0.0 & 0.5 & 0.3\\
		0.1 & 0.1 & 0.1 & 0.0 & 0.0 & 0.2 & 0.3 & 0.1 & 0.0 & 0.0 & 0.0\\
		0.0 & 0.0 & 0.0 & 0.0 & 0.0 & 0.0 & 0.4 & 0.0 & 0.3 & 0.0 & 0.3\\
		0.0 & 0.3 & 0.0 & 0.2 & 0.0 & 0.0 & 0.0 & 0.0 & 0.0 & 0.0 & 0.0\\
		0.4 & 0.0 & 0.0 & 0.3 & 0.4 & 0.0 & 0.0 & 0.0 & 0.0 & 0.0 & 0.0\\
		0.3 & 0.2 & 0.0 & 0.1 & 0.0 & 0.0 & 0.0 & 0.0 & 0.0 & 0.0 & 0.0\\
		0.3 & 0.0 & 0.0 & 0.0 & 0.3 & 0.0 & 0.0 & 0.0 & 0.0 & 0.0 & 0.0\\
		0.0 & 0.1 & 0.5 & 0.0 & 0.0 & 0.0 & 0.0 & 0.0 & 0.0 & 0.0 & 0.0\\
		0.0 & 0.0 & 0.3 & 0.0 & 0.3 & 0.0 & 0.0 & 0.0 & 0.0 & 0.0 & 0.0
	\end{bmatrix}
	\label{frml:katzZentralitaetPseudoMitarbeiter:formel2}
\end{equation}
\begin{gather}
	\nonumber I - \beta * M = \\
	\begin{bmatrix}
		1.0 & -0.1 & -0.1 & -0.1 & 0.0 & 0.0 & -0.4 & -0.3 & -0.3 & 0.0 & 0.0\\
		-0.1 & 1.0 & -0.1 & -0.1 & 0.0 & -0.3 & 0.0 & -0.2 & 0.0 & -0.1 & 0.0\\
		-0.1 & -0.1 & 1.0 & -0.1 & 0.0 & 0.0 & 0.0 & 0.0 & 0.0 & -0.5 & -0.3\\
		-0.1 & -0.1 & -0.1 & 1.0 & 0.0 & -0.2 & -0.3 & -0.1 & 0.0 & 0.0 & 0.0\\
		0.0 & 0.0 & 0.0 & 0.0 & 1.0 & 0.0 & -0.4 & 0.0 & -0.3 & 0.0 & -0.3\\
		0.0 & -0.3 & 0.0 & -0.2 & 0.0 & 1.0 & 0.0 & 0.0 & 0.0 & 0.0 & 0.0\\
		-0.4 & 0.0 & 0.0 & -0.3 & -0.4 & 0.0 & 1.0 & 0.0 & 0.0 & 0.0 & 0.0\\
		-0.3 & -0.2 & 0.0 & -0.1 & 0.0 & 0.0 & 0.0 & 1.0 & 0.0 & 0.0 & 0.0\\
		-0.3 & 0.0 & 0.0 & 0.0 & -0.3 & 0.0 & 0.0 & 0.0 & 1.0 & 0.0 & 0.0\\
		0.0 & -0.1 & -0.5 & 0.0 & 0.0 & 0.0 & 0.0 & 0.0 & 0.0 & 1.0 & 0.0\\
		0.0 & 0.0 & -0.3 & 0.0 & -0.3 & 0.0 & 0.0 & 0.0 & 0.0 & 0.0 & 1.0
	\end{bmatrix}
	\label{frml:katzZentralitaetPseudoMitarbeiter:formel3}
\end{gather}
\begin{gather}
	\nonumber (I - \beta * M)^{-1} \approx\\
	\begin{bmatrix}
		3.16 & 1.11 & 1.18 & 1.51 & 1.63 & 0.64 & 2.37 & 1.32 & 1.44 & 0.70 & 0.84\\
		1.11 & 1.68 & 0.77 & 0.86 & 0.68 & 0.68 & 0.98 & 0.76 & 0.54 & 0.56 & 0.44\\
		1.18 & 0.77 & 2.13 & 0.88 & 0.90 & 0.41 & 1.10 & 0.60 & 0.62 & 1.14 & 0.91\\
		1.51 & 0.86 & 0.88 & 2.03 & 1.06 & 0.66 & 1.64 & 0.83 & 0.77 & 0.53 & 0.58\\
		1.63 & 0.68 & 0.90 & 1.06 & 2.45 & 0.42 & 1.95 & 0.73 & 1.22 & 0.52 & 1.00\\
		0.64 & 0.68 & 0.41 & 0.66 & 0.42 & 1.34 & 0.62 & 0.39 & 0.32 & 0.27 & 0.25\\
		2.37 & 0.98 & 1.10 & 1.64 & 1.95 & 0.62 & 3.22 & 1.07 & 1.30 & 0.65 & 0.91\\
		1.32 & 0.76 & 0.60 & 0.83 & 0.73 & 0.39 & 1.07 & 1.63 & 0.62 & 0.37 & 0.40\\
		1.44 & 0.54 & 0.62 & 0.77 & 1.22 & 0.32 & 1.30 & 0.62 & 1.80 & 0.37 & 0.55\\
		0.70 & 0.56 & 1.14 & 0.53 & 0.52 & 0.27 & 0.65 & 0.37 & 0.37 & 1.63 & 0.50\\
		0.84 & 0.44 & 0.91 & 0.58 & 1.00 & 0.25 & 0.91 & 0.40 & 0.55 & 0.50 & 1.57 
	\end{bmatrix}
	\label{frml:katzZentralitaetPseudoMitarbeiter:formel4}
\end{gather}
\begin{gather}
	\nonumber (I - \beta * M)^{-1} - I \approx\\
	 \begin{bmatrix}
		2.16 & 1.11 & 1.18 & 1.51 & 1.63 & 0.64 & 2.37 & 1.32 & 1.44 & 0.70 & 0.84\\
		1.11 & 0.68 & 0.77 & 0.86 & 0.68 & 0.68 & 0.98 & 0.76 & 0.54 & 0.56 & 0.44\\
		1.18 & 0.77 & 1.13 & 0.88 & 0.90 & 0.41 & 1.10 & 0.60 & 0.62 & 1.14 & 0.91\\
		1.51 & 0.86 & 0.88 & 1.03 & 1.06 & 0.66 & 1.64 & 0.83 & 0.77 & 0.53 & 0.58\\
		1.63 & 0.68 & 0.90 & 1.06 & 1.45 & 0.42 & 1.95 & 0.73 & 1.22 & 0.52 & 1.00\\
		0.64 & 0.68 & 0.41 & 0.66 & 0.42 & 0.34 & 0.62 & 0.39 & 0.32 & 0.27 & 0.25\\
		2.37 & 0.98 & 1.10 & 1.64 & 1.95 & 0.62 & 2.22 & 1.07 & 1.30 & 0.65 & 0.91\\
		1.32 & 0.76 & 0.60 & 0.83 & 0.73 & 0.39 & 1.07 & 0.63 & 0.62 & 0.37 & 0.40\\
		1.44 & 0.54 & 0.62 & 0.77 & 1.22 & 0.32 & 1.30 & 0.62 & 0.80 & 0.37 & 0.55\\
		0.70 & 0.56 & 1.14 & 0.53 & 0.52 & 0.27 & 0.65 & 0.37 & 0.37 & 0.63 & 0.50\\
		0.84 & 0.44 & 0.91 & 0.58 & 1.00 & 0.25 & 0.91 & 0.40 & 0.55 & 0.50 & 0.57
	\end{bmatrix}
	\label{frml:katzZentralitaetPseudoMitarbeiter:formel5}
\end{gather}