\section{Bestimmung der Katz-Zentralität mit Pseudo-Mitarbeiter}
\label{ch:nebenrechnungen:katzZentralitaetPseudoMitarbeiter}
Darstellung von Graph \ref{fig:methodik:versuchsaufbau:unilateral:abb1} in Form einer Tabelle:
\begin{table}[h]
	\centering
	\begin{tabular}{c|c|c|c|c|c|c|c|c|c|c|c}
		& \begin{sideways}Jane D.\end{sideways} & \begin{sideways}John D.\end{sideways} & \begin{sideways}Erika M.\end{sideways} & \begin{sideways}Max M.\end{sideways} & \begin{sideways}Projekt\end{sideways} & \begin{sideways}Java\end{sideways} & \begin{sideways}Python\end{sideways} & \begin{sideways}MySQL\end{sideways} & \begin{sideways}MongoDB\end{sideways} & \begin{sideways}HDFS\end{sideways} & \begin{sideways}Spark\end{sideways} \\
		\hline
		Jane D.  & 0 & 1 & 1 & 1 & 0 & 0 & 4 & 3 & 3 & 0 & 0\\
		John D.  & 1 & 0 & 1 & 1 & 0 & 3 & 0 & 2 & 0 & 1 & 0\\
		Erika M. & 1 & 1 & 0 & 1 & 0 & 0 & 0 & 0 & 0 & 5 & 3\\
		Max M.   & 1 & 1 & 1 & 0 & 0 & 2 & 3 & 1 & 0 & 0 & 0\\
		Projekt  & 0 & 0 & 0 & 0 & 0 & 0 & 4 & 0 & 3 & 0 & 3\\
		Java     & 0 & 3 & 0 & 2 & 0 & 0 & 0 & 0 & 0 & 0 & 0\\
		Python   & 4 & 0 & 0 & 3 & 4 & 0 & 0 & 0 & 0 & 0 & 0\\
		MySQL    & 3 & 2 & 0 & 1 & 0 & 0 & 0 & 0 & 0 & 0 & 0\\
		MongoDB  & 3 & 0 & 0 & 0 & 3 & 0 & 0 & 0 & 0 & 0 & 0\\
		HDFS     & 0 & 1 & 5 & 0 & 0 & 0 & 0 & 0 & 0 & 0 & 0\\
		Spark    & 0 & 0 & 3 & 0 & 3 & 0 & 0 & 0 & 0 & 0 & 0
	\end{tabular}
	\caption{Anzahl an Verbindungen im Graphen aus Abbildung \ref{fig:methodik:versuchsaufbau:unilateral:abb1}}
	\label{tbl:berechnungDerKatzZentralitaetPseudoMitarbeiter:tbl1}
\end{table}

Bestimmung der Katz-Zentralität für Graph \ref{fig:methodik:versuchsaufbau:unilateral:abb1} anhand der Formel \ref{frml:empfehlungssysteme:cf:speicherbasiert:formel4} mit $\beta = 0.1$:

\begin{equation}
	M = \begin{bmatrix}
		0 & 1 & 1 & 1 & 0 & 0 & 4 & 3 & 3 & 0 & 0\\
		1 & 0 & 1 & 1 & 0 & 3 & 0 & 2 & 0 & 1 & 0\\
		1 & 1 & 0 & 1 & 0 & 0 & 0 & 0 & 0 & 5 & 3\\
		1 & 1 & 1 & 0 & 0 & 2 & 3 & 1 & 0 & 0 & 0\\
		0 & 0 & 0 & 0 & 0 & 0 & 4 & 0 & 3 & 0 & 3\\
		0 & 3 & 0 & 2 & 0 & 0 & 0 & 0 & 0 & 0 & 0\\
		4 & 0 & 0 & 3 & 4 & 0 & 0 & 0 & 0 & 0 & 0\\
		3 & 2 & 0 & 1 & 0 & 0 & 0 & 0 & 0 & 0 & 0\\
		3 & 0 & 0 & 0 & 3 & 0 & 0 & 0 & 0 & 0 & 0\\
		0 & 1 & 5 & 0 & 0 & 0 & 0 & 0 & 0 & 0 & 0\\
		0 & 0 & 3 & 0 & 3 & 0 & 0 & 0 & 0 & 0 & 0
	\end{bmatrix}
	\label{frml:berechnungDerKatzZentralitaetPseudoMitarbeiter:formel1}
\end{equation}
\begin{equation}
	\beta * M = \begin{bmatrix}
		0.0 & 0.125 & 0.125 & 0.125 & 0.0 & 0.0 & 0.4 & 0.3 & 0.3 & 0.0 & 0.0\\
		0.125 & 0.0 & 0.1 & 0.1 & 0.0 & 0.3 & 0.0 & 0.2 & 0.0 & 0.1 & 0.0\\
		0.125 & 0.1 & 0.0 & 0.1 & 0.0 & 0.0 & 0.0 & 0.0 & 0.0 & 0.5 & 0.3\\
		0.125 & 0.1 & 0.1 & 0.0 & 0.0 & 0.2 & 0.3 & 0.1 & 0.0 & 0.0 & 0.0\\
		0.0 & 0.0 & 0.0 & 0.0 & 0.0 & 0.0 & 0.4 & 0.0 & 0.3 & 0.0 & 0.3\\
		0.0 & 0.3 & 0.0 & 0.2 & 0.0 & 0.0 & 0.0 & 0.0 & 0.0 & 0.0 & 0.0\\
		0.4 & 0.0 & 0.0 & 0.3 & 0.4 & 0.0 & 0.0 & 0.0 & 0.0 & 0.0 & 0.0\\
		0.3 & 0.2 & 0.0 & 0.1 & 0.0 & 0.0 & 0.0 & 0.0 & 0.0 & 0.0 & 0.0\\
		0.3 & 0.0 & 0.0 & 0.0 & 0.3 & 0.0 & 0.0 & 0.0 & 0.0 & 0.0 & 0.0\\
		0.0 & 0.1 & 0.5 & 0.0 & 0.0 & 0.0 & 0.0 & 0.0 & 0.0 & 0.0 & 0.0\\
		0.0 & 0.0 & 0.3 & 0.0 & 0.3 & 0.0 & 0.0 & 0.0 & 0.0 & 0.0 & 0.0
	\end{bmatrix}
	\label{frml:katzZentralitaetPseudoMitarbeiter:formel2}
\end{equation}
\begin{gather}
	\nonumber I - \beta * M = \\
	\begin{bmatrix}
		1.0 & -0.125 & -0.125 & -0.125 & 0.0 & 0.0 & -0.4 & -0.3 & -0.3 & 0.0 & 0.0\\
		-0.125 & 1.0 & -0.1 & -0.1 & 0.0 & -0.3 & 0.0 & -0.2 & 0.0 & -0.1 & 0.0\\
		-0.125 & -0.1 & 1.0 & -0.1 & 0.0 & 0.0 & 0.0 & 0.0 & 0.0 & -0.5 & -0.3\\
		-0.125 & -0.1 & -0.1 & 1.0 & 0.0 & -0.2 & -0.3 & -0.1 & 0.0 & 0.0 & 0.0\\
		0.0 & 0.0 & 0.0 & 0.0 & 1.0 & 0.0 & -0.4 & 0.0 & -0.3 & 0.0 & -0.3\\
		0.0 & -0.3 & 0.0 & -0.2 & 0.0 & 1.0 & 0.0 & 0.0 & 0.0 & 0.0 & 0.0\\
		-0.4 & 0.0 & 0.0 & -0.3 & -0.4 & 0.0 & 1.0 & 0.0 & 0.0 & 0.0 & 0.0\\
		-0.3 & -0.2 & 0.0 & -0.1 & 0.0 & 0.0 & 0.0 & 1.0 & 0.0 & 0.0 & 0.0\\
		-0.3 & 0.0 & 0.0 & 0.0 & -0.3 & 0.0 & 0.0 & 0.0 & 1.0 & 0.0 & 0.0\\
		0.0 & -0.1 & -0.5 & 0.0 & 0.0 & 0.0 & 0.0 & 0.0 & 0.0 & 1.0 & 0.0\\
		0.0 & 0.0 & -0.3 & 0.0 & -0.3 & 0.0 & 0.0 & 0.0 & 0.0 & 0.0 & 1.0
	\end{bmatrix}
	\label{frml:katzZentralitaetPseudoMitarbeiter:formel3}
\end{gather}
\begin{gather}
	\nonumber (I - \beta * M)^{-1} \approx\\
	\begin{bmatrix}
		3.96 & 1.59 & 1.72 & 2.09 & 2.11 & 0.90 & 3.06 & 1.71 & 1.82 & 1.02 & 1.15\\
		1.59 & 1.93 & 1.05 & 1.17 & 0.96 & 0.81 & 1.37 & 0.98 & 0.76 & 0.72 & 0.60\\
		1.72 & 1.05 & 2.43 & 1.22 & 1.20 & 0.56 & 1.53 & 0.85 & 0.88 & 1.32 & 1.09\\
		2.09 & 1.17 & 1.22 & 2.41 & 1.40 & 0.83 & 2.12 & 1.10 & 1.05 & 0.73 & 0.78\\
		2.11 & 0.96 & 1.20 & 1.40 & 2.73 & 0.57 & 2.36 & 0.97 & 1.45 & 0.70 & 1.18\\
		0.90 & 0.81 & 0.56 & 0.83 & 0.57 & 1.41 & 0.83 & 0.51 & 0.44 & 0.36 & 0.34\\
		3.06 & 1.37 & 1.53 & 2.12 & 2.36 & 0.83 & 3.80 & 1.40 & 1.62 & 0.90 & 1.17\\
		1.71 & 0.98 & 0.85 & 1.10 & 0.97 & 0.51 & 1.40 & 1.82 & 0.80 & 0.52 & 0.54\\
		1.82 & 0.76 & 0.88 & 1.05 & 1.45 & 0.44 & 1.62 & 0.80 & 1.98 & 0.51 & 0.70\\
		1.02 & 0.72 & 1.32 & 0.73 & 0.70 & 0.36 & 0.90 & 0.52 & 0.51 & 1.73 & 0.60\\
		1.15 & 0.60 & 1.09 & 0.78 & 1.18 & 0.34 & 1.17 & 0.54 & 0.70 & 0.60 & 1.68
	\end{bmatrix}
	\label{frml:katzZentralitaetPseudoMitarbeiter:formel4}
\end{gather}
\begin{gather}
	\nonumber (I - \beta * M)^{-1} - I \approx\\
	 \begin{bmatrix}
		2.96 & 1.59 & 1.72 & 2.09 & 2.11 & 0.90 & 3.06 & 1.71 & 1.82 & 1.02 & 1.15\\
		1.59 & 0.93 & 1.05 & 1.17 & 0.96 & 0.81 & 1.37 & 0.98 & 0.76 & 0.72 & 0.60\\
		1.72 & 1.05 & 1.43 & 1.22 & 1.20 & 0.56 & 1.53 & 0.85 & 0.88 & 1.32 & 1.09\\
		2.09 & 1.17 & 1.22 & 1.41 & 1.40 & 0.83 & 2.12 & 1.10 & 1.05 & 0.73 & 0.78\\
		2.11 & 0.96 & 1.20 & 1.40 & 1.73 & 0.57 & 2.36 & 0.97 & 1.45 & 0.70 & 1.18\\
		0.90 & 0.81 & 0.56 & 0.83 & 0.57 & 0.41 & 0.83 & 0.51 & 0.44 & 0.36 & 0.34\\
		3.06 & 1.37 & 1.53 & 2.12 & 2.36 & 0.83 & 2.80 & 1.40 & 1.62 & 0.90 & 1.17\\
		1.71 & 0.98 & 0.85 & 1.10 & 0.97 & 0.51 & 1.40 & 0.82 & 0.80 & 0.52 & 0.54\\
		1.82 & 0.76 & 0.88 & 1.05 & 1.45 & 0.44 & 1.62 & 0.80 & 0.98 & 0.51 & 0.70\\
		1.02 & 0.72 & 1.32 & 0.73 & 0.70 & 0.36 & 0.90 & 0.52 & 0.51 & 0.73 & 0.60\\
		1.15 & 0.60 & 1.09 & 0.78 & 1.18 & 0.34 & 1.17 & 0.54 & 0.70 & 0.60 & 0.68
	\end{bmatrix}
	\label{frml:katzZentralitaetPseudoMitarbeiter:formel5}
\end{gather}