\section{Bestimmung der Katz-Zentralität mit Pseudo-Mitarbeiter}
\label{ch:nebenrechnungen:katzZentralitaetPseudoMitarbeiter}
Darstellung von Graph \ref{fig:methodik:versuchsaufbau:unilateral:abb1} in Form einer Tabelle:
\begin{table}[h]
	\centering
	\begin{tabular}{c|c|c|c|c|c|c|c|c|c|c|c}
		& \begin{sideways}Jane D.\end{sideways} & \begin{sideways}John D.\end{sideways} & \begin{sideways}Erika M.\end{sideways} & \begin{sideways}Max M.\end{sideways} & \begin{sideways}Projekt\end{sideways} & \begin{sideways}Java\end{sideways} & \begin{sideways}Python\end{sideways} & \begin{sideways}MySQL\end{sideways} & \begin{sideways}MongoDB\end{sideways} & \begin{sideways}HDFS\end{sideways} & \begin{sideways}Spark\end{sideways} \\
		\hline
		Jane D.  & 0 & 2 & 2 & 2 & 0 & 0 & 4 & 3 & 3 & 0 & 0\\
		John D.  & 2 & 0 & 1 & 1 & 0 & 3 & 0 & 2 & 0 & 1 & 0\\
		Erika M. & 2 & 1 & 0 & 1 & 0 & 0 & 0 & 0 & 0 & 5 & 3\\
		Max M.   & 2 & 1 & 1 & 0 & 0 & 2 & 3 & 1 & 0 & 0 & 0\\
		Projekt  & 0 & 0 & 0 & 0 & 0 & 0 & 4 & 0 & 3 & 0 & 3\\
		Java     & 0 & 3 & 0 & 2 & 0 & 0 & 0 & 0 & 0 & 0 & 0\\
		Python   & 4 & 0 & 0 & 3 & 4 & 0 & 0 & 0 & 0 & 0 & 0\\
		MySQL    & 3 & 2 & 0 & 1 & 0 & 0 & 0 & 0 & 0 & 0 & 0\\
		MongoDB  & 3 & 0 & 0 & 0 & 3 & 0 & 0 & 0 & 0 & 0 & 0\\
		HDFS     & 0 & 1 & 5 & 0 & 0 & 0 & 0 & 0 & 0 & 0 & 0\\
		Spark    & 0 & 0 & 3 & 0 & 3 & 0 & 0 & 0 & 0 & 0 & 0
	\end{tabular}
	\caption{Anzahl an Verbindungen im Graphen aus Abbildung \ref{fig:methodik:versuchsaufbau:unilateral:abb1}}
	\label{tbl:berechnungDerKatzZentralitaetPseudoMitarbeiter:tbl1}
\end{table}

Bestimmung der Katz-Zentralität für Graph \ref{fig:methodik:versuchsaufbau:unilateral:abb1} anhand der Formel \ref{frml:empfehlungssysteme:cf:speicherbasiert:formel4} mit $\beta = 0.1$:

\begin{equation}
	M = \begin{bmatrix}
		0 & 2 & 2 & 2 & 0 & 0 & 4 & 3 & 3 & 0 & 0\\
		2 & 0 & 1 & 1 & 0 & 3 & 0 & 2 & 0 & 1 & 0\\
		2 & 1 & 0 & 1 & 0 & 0 & 0 & 0 & 0 & 5 & 3\\
		2 & 1 & 1 & 0 & 0 & 2 & 3 & 1 & 0 & 0 & 0\\
		0 & 0 & 0 & 0 & 0 & 0 & 4 & 0 & 3 & 0 & 3\\
		0 & 3 & 0 & 2 & 0 & 0 & 0 & 0 & 0 & 0 & 0\\
		4 & 0 & 0 & 3 & 4 & 0 & 0 & 0 & 0 & 0 & 0\\
		3 & 2 & 0 & 1 & 0 & 0 & 0 & 0 & 0 & 0 & 0\\
		3 & 0 & 0 & 0 & 3 & 0 & 0 & 0 & 0 & 0 & 0\\
		0 & 1 & 5 & 0 & 0 & 0 & 0 & 0 & 0 & 0 & 0\\
		0 & 0 & 3 & 0 & 3 & 0 & 0 & 0 & 0 & 0 & 0
	\end{bmatrix}
	\label{frml:berechnungDerKatzZentralitaetPseudoMitarbeiter:formel1}
\end{equation}
\begin{equation}
	\beta * M = \begin{bmatrix}
		0.0 & 0.2 & 0.2 & 0.2 & 0.0 & 0.0 & 0.4 & 0.3 & 0.3 & 0.0 & 0.0\\
		0.2 & 0.0 & 0.1 & 0.1 & 0.0 & 0.3 & 0.0 & 0.2 & 0.0 & 0.1 & 0.0\\
		0.2 & 0.1 & 0.0 & 0.1 & 0.0 & 0.0 & 0.0 & 0.0 & 0.0 & 0.5 & 0.3\\
		0.2 & 0.1 & 0.1 & 0.0 & 0.0 & 0.2 & 0.3 & 0.1 & 0.0 & 0.0 & 0.0\\
		0.0 & 0.0 & 0.0 & 0.0 & 0.0 & 0.0 & 0.4 & 0.0 & 0.3 & 0.0 & 0.3\\
		0.0 & 0.3 & 0.0 & 0.2 & 0.0 & 0.0 & 0.0 & 0.0 & 0.0 & 0.0 & 0.0\\
		0.4 & 0.0 & 0.0 & 0.3 & 0.4 & 0.0 & 0.0 & 0.0 & 0.0 & 0.0 & 0.0\\
		0.3 & 0.2 & 0.0 & 0.1 & 0.0 & 0.0 & 0.0 & 0.0 & 0.0 & 0.0 & 0.0\\
		0.3 & 0.0 & 0.0 & 0.0 & 0.3 & 0.0 & 0.0 & 0.0 & 0.0 & 0.0 & 0.0\\
		0.0 & 0.1 & 0.5 & 0.0 & 0.0 & 0.0 & 0.0 & 0.0 & 0.0 & 0.0 & 0.0\\
		0.0 & 0.0 & 0.3 & 0.0 & 0.3 & 0.0 & 0.0 & 0.0 & 0.0 & 0.0 & 0.0
	\end{bmatrix}
	\label{frml:katzZentralitaetPseudoMitarbeiter:formel2}
\end{equation}
\begin{gather}
	\nonumber I - \beta * M = \\
	\begin{bmatrix}
		1.0 & -0.2 & -0.2 & -0.2 & 0.0 & 0.0 & -0.4 & -0.3 & -0.3 & 0.0 & 0.0\\
		-0.2 & 1.0 & -0.1 & -0.1 & 0.0 & -0.3 & 0.0 & -0.2 & 0.0 & -0.1 & 0.0\\
		-0.2 & -0.1 & 1.0 & -0.1 & 0.0 & 0.0 & 0.0 & 0.0 & 0.0 & -0.5 & -0.3\\
		-0.2 & -0.1 & -0.1 & 1.0 & 0.0 & -0.2 & -0.3 & -0.1 & 0.0 & 0.0 & 0.0\\
		0.0 & 0.0 & 0.0 & 0.0 & 1.0 & 0.0 & -0.4 & 0.0 & -0.3 & 0.0 & -0.3\\
		0.0 & -0.3 & 0.0 & -0.2 & 0.0 & 1.0 & 0.0 & 0.0 & 0.0 & 0.0 & 0.0\\
		-0.4 & 0.0 & 0.0 & -0.3 & -0.4 & 0.0 & 1.0 & 0.0 & 0.0 & 0.0 & 0.0\\
		-0.3 & -0.2 & 0.0 & -0.1 & 0.0 & 0.0 & 0.0 & 1.0 & 0.0 & 0.0 & 0.0\\
		-0.3 & 0.0 & 0.0 & 0.0 & -0.3 & 0.0 & 0.0 & 0.0 & 1.0 & 0.0 & 0.0\\
		0.0 & -0.1 & -0.5 & 0.0 & 0.0 & 0.0 & 0.0 & 0.0 & 0.0 & 1.0 & 0.0\\
		0.0 & 0.0 & -0.3 & 0.0 & -0.3 & 0.0 & 0.0 & 0.0 & 0.0 & 0.0 & 1.0
	\end{bmatrix}
	\label{frml:katzZentralitaetPseudoMitarbeiter:formel3}
\end{gather}
\begin{gather}
	\nonumber (I - \beta * M)^{-1} \approx\\
	\begin{bmatrix}
		78.19 & 43.00 & 47.69 & 52.75 & 45.71 & 23.45 & 65.39 & 37.33 & 37.17 & 28.15 & 28.02\\
		43.00 & 24.94 & 26.58 & 29.33 & 25.25 & 13.35 & 36.10 & 20.82 & 20.47 & 15.79 & 15.55\\
		47.69 & 26.58 & 30.77 & 32.48 & 28.17 & 14.47 & 40.09 & 22.87 & 22.76 & 18.04 & 17.68\\
		52.75 & 29.33 & 32.48 & 36.89 & 31.12 & 16.18 & 44.61 & 25.38 & 25.16 & 19.17 & 19.08\\
		45.71 & 25.25 & 28.17 & 31.12 & 28.33 & 13.80 & 38.95 & 21.87 & 22.21 & 16.61 & 16.95\\
		23.45 & 13.35 & 14.47 & 16.18 & 13.80 & 8.24 & 19.75 & 11.32 & 11.17 & 8.57 & 8.48\\
		65.39 & 36.10 & 40.09 & 44.61 & 38.95 & 19.75 & 56.12 & 31.30 & 31.30 & 23.65 & 23.71\\
		37.33 & 20.82 & 22.87 & 25.38 & 21.87 & 11.32 & 31.30 & 18.90 & 17.76 & 13.52 & 13.42\\
		37.17 & 20.47 & 22.76 & 25.16 & 22.21 & 11.17 & 31.30 & 17.76 & 18.82 & 13.43 & 13.49\\
		28.15 & 15.79 & 18.04 & 19.17 & 16.61 & 8.57 & 23.65 & 13.52 & 13.43 & 11.60 & 10.40\\
		28.02 & 15.55 & 17.68 & 19.08 & 16.95 & 8.48 & 23.71 & 13.42 & 13.49 & 10.40 & 11.39
	\end{bmatrix}
	\label{frml:katzZentralitaetPseudoMitarbeiter:formel4}
\end{gather}
\begin{gather}
	\nonumber (I - \beta * M)^{-1} - I \approx\\
	 \begin{bmatrix}
		77.19 & 43.00 & 47.69 & 52.75 & 45.71 & 23.45 & 65.39 & 37.33 & 37.17 & 28.15 & 28.02\\
		43.00 & 23.94 & 26.58 & 29.33 & 25.25 & 13.35 & 36.10 & 20.82 & 20.47 & 15.79 & 15.55\\
		47.69 & 26.58 & 29.77 & 32.48 & 28.17 & 14.47 & 40.09 & 22.87 & 22.76 & 18.04 & 17.68\\
		52.75 & 29.33 & 32.48 & 35.89 & 31.12 & 16.18 & 44.61 & 25.38 & 25.16 & 19.17 & 19.08\\
		45.71 & 25.25 & 28.17 & 31.12 & 27.33 & 13.80 & 38.95 & 21.87 & 22.21 & 16.61 & 16.95\\
		23.45 & 13.35 & 14.47 & 16.18 & 13.80 & 7.24 & 19.75 & 11.32 & 11.17 & 8.57 & 8.48\\
		65.39 & 36.10 & 40.09 & 44.61 & 38.95 & 19.75 & 55.12 & 31.30 & 31.30 & 23.65 & 23.71\\
		37.33 & 20.82 & 22.87 & 25.38 & 21.87 & 11.32 & 31.30 & 17.90 & 17.76 & 13.52 & 13.42\\
		37.17 & 20.47 & 22.76 & 25.16 & 22.21 & 11.17 & 31.30 & 17.76 & 17.82 & 13.43 & 13.49\\
		28.15 & 15.79 & 18.04 & 19.17 & 16.61 & 8.57 & 23.65 & 13.52 & 13.43 & 10.60 & 10.40\\
		28.02 & 15.55 & 17.68 & 19.08 & 16.95 & 8.48 & 23.71 & 13.42 & 13.49 & 10.40 & 10.39
	\end{bmatrix}
	\label{frml:katzZentralitaetPseudoMitarbeiter:formel5}
\end{gather}